0	6.5164
0.0648	7.1829
0.1296	8.0379
0.1944	7.2128
0.2592	10.8348
0.324	11.8309
0.3888	11.302
0.4536	11.5813
0.5184	12.9868
0.5832	12.5821
0.648	13.2259
0.7128	11.0082
0.7776	14.1425
0.8424	16.0756
0.9072	18.1264
0.972	20.6827
1.0368	29.4647
1.1016	35.9976
1.1664	40.7799
1.2312	45.9059
1.296	52.4227
1.3608	58.0493
1.4256	65.8219
1.4904	71.7961
1.5552	73.0891
1.62	67.6505
1.6848	60.1637
1.7496	54.5132
1.8144	49.3871
1.8792	48.831
1.944	43.6028
2.0088	37.3158
2.0736	31.4253
2.1384	30.3325
2.2032	29.8378
2.268	33.6643
2.3328	33.5749
2.3976	39.8626
2.4624	50.3613
2.5272	64.7946
2.592	68.8695
2.6568	65.7953
2.7216	53.8548
2.7864	40.8695
2.8512	34.2146
0	7.7734
0.0648	7.6448
0.1296	7.9943
0.1944	10.3266
0.2592	10.2755
0.324	12.2023
0.3888	11.8583
0.4536	9.178
0.5184	12.0665
0.5832	12.1241
0.648	10.8427
0.7128	11.1068
0.7776	12.1164
0.8424	13.1478
0.9072	13.6235
0.972	13.1514
1.0368	12.0092
1.1016	15.1429
1.1664	18.7125
1.2312	21.3406
1.296	21.7028
1.3608	31.8462
1.4256	38.5569
1.4904	47.4504
1.5552	58.778
1.62	70.0805
1.6848	78.5308
1.7496	78.8631
1.8144	74.2738
1.8792	65.1735
1.944	54.3758
2.0088	44.584
2.0736	38.4401
2.1384	34.2581
2.2032	30.9511
2.268	29.4779
2.3328	26.7229
2.3976	29.5167
2.4624	36.9257
2.5272	41.6113
2.592	50.2744
2.6568	63.8848
2.7216	85.6577
2.7864	103.396
2.8512	106.2031
2.916	91.1713
2.9808	64.1566
3.0456	44.8482
0	4.6315
0.0648	6.5828
0.1296	7.9771
0.1944	11.8482
0.2592	11.4631
0.324	10.1328
0.3888	11.7147
0.4536	13.7748
0.5184	12.2639
0.5832	10.9475
0.648	12.7021
0.7128	13.8582
0.7776	12.5986
0.8424	11.2555
0.9072	15.4403
0.972	16.1462
1.0368	17.9525
1.1016	18.4058
1.1664	19.9808
1.2312	22.2859
1.296	27.5208
1.3608	26.2017
1.4256	33.6693
1.4904	43.209
1.5552	61.4162
1.62	78.7551
1.6848	94.2743
1.7496	99.2993
1.8144	92.5065
1.8792	77.9305
1.944	64.9477
2.0088	58.6465
2.0736	53.3504
2.1384	56.7871
2.2032	54.9028
2.268	58.8159
2.3328	67.0997
2.3976	80.7007
2.4624	91.6278
2.5272	95.3152
2.592	92.0759
2.6568	80.9177
2.7216	68.7351
2.7864	52.6965
2.8512	43.1769
2.916	32.8996
2.9808	28.9058
3.0456	26.3481
3.1104	21.726
3.1752	20.4971
3.24	19.9672
3.3048	17.0422
3.3696	15.3762
3.4344	16.2292
0	5.7899
0.0648	5.2889
0.1296	6.2656
0.1944	8.0965
0.2592	9.4887
0.324	11.6179
0.3888	12.402
0.4536	8.2753
0.5184	9.047
0.5832	9.5771
0.648	7.4446
0.7128	8.3282
0.7776	10.185
0.8424	11.7565
0.9072	9.2724
0.972	9.7984
1.0368	10.9608
1.1016	10.3947
1.1664	10.9925
1.2312	14.9605
1.296	13.5633
1.3608	11.7177
1.4256	15.1713
1.4904	14.5498
1.5552	16.7436
1.62	17.8606
1.6848	21.762
1.7496	26.4444
1.8144	30.9726
1.8792	38.9027
1.944	50.0856
2.0088	71.6021
2.0736	96.0792
2.1384	116.545
2.2032	140.3184
2.268	143.8146
2.3328	140.3112
2.3976	122.4745
2.4624	96.0266
2.5272	71.6362
2.592	55.8223
2.6568	46.6199
2.7216	40.9118
2.7864	36.4491
2.8512	31.0481
2.916	26.9405
2.9808	21.5133
3.0456	18.6454
3.1104	20.6942
3.1752	16.9396
3.24	15.8974
3.3048	16.6399
3.3696	24.8901
3.4344	26.5549
3.4992	28.1853
3.564	33.2973
3.6288	48.671
3.6936	63.723
3.7584	74.7239
3.8232	71.9493
3.888	66.2531
3.9528	50.5081
0	7.3363
0.0648	4.3963
0.1296	5.4883
0.1944	8.6127
0.2592	12.9831
0.324	14.5564
0.3888	12.7799
0.4536	12.8821
0.5184	10.6595
0.5832	9.8481
0.648	8.8063
0.7128	11.244
0.7776	10.9637
0.8424	11.4681
0.9072	12.3721
0.972	12.428
1.0368	13.666
1.1016	13.5997
1.1664	13.5115
1.2312	13.0728
1.296	15.8434
1.3608	16.3859
1.4256	17.2122
1.4904	18.9388
1.5552	18.6546
1.62	19.5712
1.6848	22.3839
1.7496	23.61
1.8144	25.452
1.8792	31.2418
1.944	38.5855
2.0088	53.7009
2.0736	79.2706
2.1384	104.6796
2.2032	126.0411
2.268	141.8355
2.3328	138.5399
2.3976	128.9805
2.4624	116.0732
2.5272	97.568
2.592	74.6415
2.6568	59.3711
2.7216	47.834
2.7864	36.0436
2.8512	31.3274
2.916	28.16
2.9808	26.4097
3.0456	24.0006
3.1104	24.0436
3.1752	21.9141
3.24	24.0705
3.3048	22.6229
3.3696	28.7547
3.4344	32.1038
3.4992	39.2112
3.564	42.1552
3.6288	45.7184
3.6936	49.5763
3.7584	59.6268
3.8232	69.9026
3.888	78.962
3.9528	70.4523
4.0176	54.8143
4.0824	43.1052
4.1472	38.6417
4.212	36.1904
0	4.6285
0.0648	7.4133
0.1296	6.2235
0.1944	6.0255
0.2592	10.9998
0.324	11.5241
0.3888	11.2226
0.4536	11.1323
0.5184	11.5392
0.5832	12.4513
0.648	8.7301
0.7128	11.9307
0.7776	9.0052
0.8424	7.5841
0.9072	9.6336
0.972	9.0516
1.0368	9.0947
1.1016	10.2521
1.1664	12.5095
1.2312	11.7847
1.296	10.0895
1.3608	11.8646
1.4256	13.5487
1.4904	15.0544
1.5552	14.1409
1.62	16.2821
1.6848	19.8793
1.7496	24.0531
1.8144	26.2358
1.8792	29.2515
1.944	36.713
2.0088	45.9384
2.0736	57.3641
2.1384	66.5847
2.2032	88.7028
2.268	110.0903
2.3328	128.9026
2.3976	134.7896
2.4624	129.4089
2.5272	117.2613
2.592	99.1336
2.6568	82.0576
2.7216	72.6537
2.7864	65.3376
2.8512	63.0291
2.916	60.5586
2.9808	58.0894
3.0456	50.9306
3.1104	44.0305
3.1752	34.643
3.24	31.2972
3.3048	34.2552
3.3696	34.9493
3.4344	36.296
3.4992	45.0958
3.564	57.0675
3.6288	70.7187
3.6936	84.5688
3.7584	95.8638
3.8232	87.707
3.888	71.3644
3.9528	51.1853
4.0176	41.9466
4.0824	31.8494
4.1472	27.5426
4.212	24.6856
4.2768	21.5967
4.3416	18.0751
4.4064	16.5065
4.4712	17.9709
0	6.5792
0.0648	6.3357
0.1296	9.3971
0.1944	12.7783
0.2592	13.8839
0.324	15.2053
0.3888	16.3872
0.4536	16.2585
0.5184	16.4239
0.5832	13.8536
0.648	12.5933
0.7128	13.2906
0.7776	16.704
0.8424	15.6508
0.9072	15.9115
0.972	16.3185
1.0368	14.7864
1.1016	15.5245
1.1664	14.0715
1.2312	13.8237
1.296	16.1717
1.3608	17.0366
1.4256	17.114
1.4904	17.9364
1.5552	20.0587
1.62	18.3524
1.6848	25.3549
1.7496	28.3699
1.8144	32.0127
1.8792	43.7923
1.944	50.822
2.0088	59.2489
2.0736	68.6318
2.1384	82.3999
2.2032	94.0839
2.268	99.3419
2.3328	102.1986
2.3976	105.9059
2.4624	107.1936
2.5272	103.9547
2.592	95.3588
2.6568	86.5375
2.7216	81.4545
2.7864	75.5422
2.8512	65.3753
2.916	59.3939
2.9808	50.9205
3.0456	46.2089
3.1104	40.1737
3.1752	36.7242
3.24	34.225
3.3048	31.3228
3.3696	32.2365
3.4344	31.1535
3.4992	34.3755
3.564	35.9866
3.6288	39.6054
3.6936	43.1273
3.7584	46.8829
3.8232	53.2573
3.888	54.7823
3.9528	54.5782
4.0176	62.3278
4.0824	72.6492
4.1472	80.0835
4.212	84.2156
4.2768	74.0533
4.3416	55.9603
4.4064	49.1355
4.4712	38.5639
4.536	35.8825
4.6008	32.4846
0	8.2248
0.0648	11.643
0.1296	13.1074
0.1944	17.109
0.2592	17.0568
0.324	18.1908
0.3888	17.176
0.4536	16.0932
0.5184	17.8306
0.5832	14.7492
0.648	14.4342
0.7128	14.4433
0.7776	15.7202
0.8424	16.0417
0.9072	13.8295
0.972	15.0866
1.0368	14.6461
1.1016	13.8677
1.1664	14.2887
1.2312	16.5369
1.296	16.0156
1.3608	14.3613
1.4256	13.7986
1.4904	16.1156
1.5552	18.7832
1.62	22.1719
1.6848	23.3646
1.7496	24.8512
1.8144	29.1124
1.8792	36.8386
1.944	46.0894
2.0088	54.5357
2.0736	62.4919
2.1384	75.6806
2.2032	88.6328
2.268	99.8488
2.3328	110.1019
2.3976	115.5863
2.4624	123.0414
2.5272	129.1185
2.592	122.5165
2.6568	111.6703
2.7216	93.1351
2.7864	79.9057
2.8512	66.5886
2.916	54.4188
2.9808	48.0232
3.0456	38.1864
3.1104	30.888
3.1752	31.333
3.24	28.5796
3.3048	28.0158
3.3696	30.9935
3.4344	34.741
3.4992	37.496
3.564	43.9025
3.6288	58.0626
3.6936	74.0161
3.7584	89.5246
3.8232	102.247
3.888	99.17
3.9528	81.2702
4.0176	63.2228
4.0824	45.8973
4.1472	37.2365
4.212	34.2003
4.2768	27.7348
4.3416	25.9322
4.4064	20.5697
4.4712	18.6911
4.536	18.1831
4.6008	16.7047
4.6656	18.0642
4.7304	19.0817
4.7952	17.6898
4.86	17.3522
0	10.1513
0.0648	11.2168
0.1296	13.7323
0.1944	18.0334
0.2592	18.0983
0.324	18.7418
0.3888	19.9278
0.4536	20.1073
0.5184	20.4324
0.5832	17.2814
0.648	19.4498
0.7128	20.4047
0.7776	16.5385
0.8424	20.1094
0.9072	18.5378
0.972	16.7787
1.0368	16.7631
1.1016	14.4881
1.1664	18.8628
1.2312	16.1875
1.296	19.285
1.3608	18.0816
1.4256	18.1419
1.4904	18.815
1.5552	18.9356
1.62	18.23
1.6848	21.1006
1.7496	23.6576
1.8144	29.2262
1.8792	31.5002
1.944	31.75
2.0088	38.8839
2.0736	44.6301
2.1384	48.627
2.2032	51.3833
2.268	56.9663
2.3328	61.0769
2.3976	68.8416
2.4624	77.2924
2.5272	80.2699
2.592	86.0954
2.6568	89.1832
2.7216	90.2014
2.7864	92.3994
2.8512	88.9033
2.916	86.0251
2.9808	79.1424
3.0456	75.8032
3.1104	69.8452
3.1752	63.73
3.24	53.7061
3.3048	53.5286
3.3696	56.267
3.4344	61.2983
3.4992	64.5072
3.564	66.8988
3.6288	72.2196
3.6936	79.493
3.7584	88.3543
3.8232	101.4286
3.888	113.4164
3.9528	107.8281
4.0176	93.2622
4.0824	74.4925
4.1472	59.6936
4.212	50.3787
4.2768	43.8746
4.3416	35.8677
4.4064	31.71
4.4712	26.9779
4.536	24.4278
4.6008	22.0894
4.6656	23.8591
4.7304	24.2704
4.7952	24.8582
4.86	23.1115
0	11.7187
0.0648	11.7456
0.1296	14.8371
0.1944	17.732
0.2592	22.5588
0.324	23.7101
0.3888	24.6475
0.4536	23.2422
0.5184	23.1829
0.5832	16.4131
0.648	19.8846
0.7128	21.1899
0.7776	21.3054
0.8424	20.7589
0.9072	19.8103
0.972	20.2411
1.0368	20.4868
1.1016	21.2649
1.1664	19.7239
1.2312	17.7853
1.296	16.8696
1.3608	17.0732
1.4256	16.1283
1.4904	18.6807
1.5552	17.0837
1.62	19.6616
1.6848	17.8975
1.7496	20.5228
1.8144	21.6112
1.8792	18.9377
1.944	21.0219
2.0088	22.5423
2.0736	25.7741
2.1384	31.5587
2.2032	28.8146
2.268	34.2333
2.3328	35.307
2.3976	37.2208
2.4624	42.1652
2.5272	46.6404
2.592	49.5522
2.6568	56.6363
2.7216	67.4057
2.7864	78.6279
2.8512	93.3153
2.916	99.4192
2.9808	101.7606
3.0456	104.8829
3.1104	111.9415
3.1752	113.262
3.24	110.4654
3.3048	104.0231
3.3696	95.5577
3.4344	88.404
3.4992	83.4696
3.564	77.3115
3.6288	76.2506
3.6936	74.9863
3.7584	78.7302
3.8232	84.6435
3.888	98.4318
3.9528	106.5799
4.0176	111.0156
4.0824	98.5204
4.1472	80.2587
4.212	65.0243
4.2768	53.3174
4.3416	48.3917
4.4064	43.8799
4.4712	39.6182
4.536	37.3842
4.6008	37.5322
4.6656	32.046
4.7304	30.7997
4.7952	27.5951
4.86	27.9557
4.9248	24.9392
4.9896	23.9973
0	9.2013
0.0648	11.4955
0.1296	14.8964
0.1944	17.6818
0.2592	18.1853
0.324	18.6797
0.3888	22.0474
0.4536	23.3555
0.5184	21.3361
0.5832	20.4179
0.648	22.6863
0.7128	21.6842
0.7776	22.5192
0.8424	18.2992
0.9072	18.1889
0.972	15.7589
1.0368	17.2833
1.1016	18.4703
1.1664	19.207
1.2312	21.0714
1.296	21.674
1.3608	22.5545
1.4256	22.8928
1.4904	20.7989
1.5552	21.4609
1.62	23.9842
1.6848	26.2923
1.7496	27.7132
1.8144	30.5362
1.8792	33.0555
1.944	34.655
2.0088	37.8344
2.0736	39.9734
2.1384	43.9742
2.2032	47.1546
2.268	48.4169
2.3328	48.7022
2.3976	46.196
2.4624	49.6097
2.5272	56.1275
2.592	54.2512
2.6568	54.9964
2.7216	57.1937
2.7864	55.6282
2.8512	56.9396
2.916	60.319
2.9808	59.2836
3.0456	56.5352
3.1104	55.4348
3.1752	52.888
3.24	52.0937
3.3048	49.4951
3.3696	51.3609
3.4344	61.8747
3.4992	66.3413
3.564	73.6373
3.6288	80.1558
3.6936	91.2596
3.7584	101.1054
3.8232	115.9163
3.888	125.5755
3.9528	126.2553
4.0176	124.6687
4.0824	122.0363
4.1472	113.7761
4.212	103.7409
4.2768	92.8072
4.3416	80.9443
4.4064	66.6607
4.4712	50.131
4.536	39.304
4.6008	35.3608
4.6656	34.9825
4.7304	31.9123
4.7952	30.4883
4.86	30.3334
4.9248	31.9147
4.9896	32.6761
0	10.9087
0.0648	9.9765
0.1296	14.3041
0.1944	16.7523
0.2592	18.1102
0.324	19.1435
0.3888	20.3642
0.4536	22.5085
0.5184	24.3707
0.5832	24.5389
0.648	22.3554
0.7128	24.2268
0.7776	24.649
0.8424	24.7166
0.9072	23.3176
0.972	22.7517
1.0368	23.4624
1.1016	22.5937
1.1664	23.2256
1.2312	21.6074
1.296	20.957
1.3608	21.6695
1.4256	20.7001
1.4904	17.8282
1.5552	17.8405
1.62	17.7035
1.6848	18.1609
1.7496	16.5858
1.8144	19.0018
1.8792	18.306
1.944	20.7591
2.0088	23.1157
2.0736	27.0857
2.1384	31.0207
2.2032	34.6328
2.268	37.275
2.3328	41.3496
2.3976	45.1536
2.4624	55.7197
2.5272	61.1043
2.592	62.9341
2.6568	59.6969
2.7216	54.0956
2.7864	48.3471
2.8512	49.4058
2.916	46.2046
2.9808	46.385
3.0456	46.6786
3.1104	52.444
3.1752	63.2459
3.24	70.5635
3.3048	67.61
3.3696	64.617
3.4344	66.4095
3.4992	69.1346
3.564	71.9214
3.6288	78.836
3.6936	98.4238
3.7584	117.1476
3.8232	136.3322
3.888	150.0155
3.9528	158.4549
4.0176	152.8776
4.0824	142.2012
4.1472	128.2454
4.212	124.1879
4.2768	120.4363
4.3416	109.7843
4.4064	94.6974
4.4712	78.7321
4.536	59.5138
4.6008	44.5414
4.6656	39.2452
4.7304	35.7185
4.7952	35.0969
4.86	29.2394
4.9248	28.5233
4.9896	27.1887
5.0544	25.6294
5.1192	28.1654
5.184	27.6632
5.2488	25.7659
0	15.897
0.0648	16.3432
0.1296	15.1099
0.1944	18.9322
0.2592	18.0913
0.324	20.4467
0.3888	20.2167
0.4536	22.4842
0.5184	20.7092
0.5832	23.5365
0.648	22.9065
0.7128	22.295
0.7776	22.8718
0.8424	19.9763
0.9072	20.8838
0.972	21.9456
1.0368	18.13
1.1016	20.1142
1.1664	18.6365
1.2312	21.4022
1.296	21.3417
1.3608	17.8258
1.4256	18.3146
1.4904	20.7078
1.5552	21.7983
1.62	21.4358
1.6848	24.1562
1.7496	29.368
1.8144	34.7499
1.8792	41.7382
1.944	50.3593
2.0088	55.8425
2.0736	63.9972
2.1384	71.0506
2.2032	81.2174
2.268	91.7478
2.3328	89.4427
2.3976	83.8283
2.4624	72.1199
2.5272	64.2015
2.592	65.8798
2.6568	66.6765
2.7216	69.2682
2.7864	73.0248
2.8512	85.1096
2.916	101.6933
2.9808	120.6056
3.0456	137.3133
3.1104	148.2453
3.1752	154.964
3.24	161.262
3.3048	156.0733
3.3696	144.0583
3.4344	126.9347
3.4992	114.251
3.564	101.7805
3.6288	94.7791
3.6936	83.6902
3.7584	72.7971
3.8232	60.0238
3.888	48.2999
3.9528	49.347
4.0176	46.8775
4.0824	50.5362
4.1472	59.5104
4.212	74.2064
4.2768	91.4626
4.3416	101.7482
4.4064	94.2587
4.4712	82.206
4.536	61.1211
4.6008	41.5185
4.6656	33.1916
4.7304	29.3549
4.7952	27.6088
4.86	25.8473
4.9248	22.8255
4.9896	20.772
0	6.3465
0.0648	9.3037
0.1296	8.1777
0.1944	10.0756
0.2592	11.0304
0.324	13.8592
0.3888	17.4292
0.4536	20.5877
0.5184	19.8243
0.5832	21.392
0.648	25.6195
0.7128	25.6185
0.7776	28.4696
0.8424	30.6287
0.9072	32.6813
0.972	28.9868
1.0368	27.7164
1.1016	25.7999
1.1664	25.7641
1.2312	25.3805
1.296	24.7747
1.3608	26.2672
1.4256	22.9776
1.4904	23.7548
1.5552	25.1392
1.62	26.9844
1.6848	29.9981
1.7496	34.5819
1.8144	38.3654
1.8792	40.7841
1.944	41.4718
2.0088	41.6211
2.0736	46.0433
2.1384	48.0982
2.2032	50.4544
2.268	54.1667
2.3328	53.378
2.3976	54.6663
2.4624	57.4355
2.5272	58.6574
2.592	61.6049
2.6568	64.9202
2.7216	70.3319
2.7864	74.799
2.8512	81.8767
2.916	91.623
2.9808	98.6276
3.0456	96.6257
3.1104	87.9045
3.1752	79.2365
3.24	77.2877
3.3048	80.9535
3.3696	78.7302
3.4344	84.2314
3.4992	85.4611
3.564	88.6919
3.6288	94.9315
3.6936	112.9946
3.7584	128.1919
3.8232	142.0914
3.888	143.235
3.9528	130.4022
4.0176	110.3701
4.0824	86.1711
4.1472	68.7672
4.212	60.4377
4.2768	51.306
4.3416	51.7084
4.4064	46.3447
4.4712	43.7791
4.536	43.5745
4.6008	42.4581
4.6656	40.4397
4.7304	37.9935
4.7952	35.5047
4.86	33.5574
4.9248	33.246
4.9896	33.3221
5.0544	32.4224
5.1192	28.443
5.184	26.8285
5.2488	28.7987
0	16.068
0.0648	16.3953
0.1296	19.1388
0.1944	22.1756
0.2592	24.2835
0.324	28.0294
0.3888	31.2651
0.4536	35.2149
0.5184	33.1492
0.5832	34.4797
0.648	33.413
0.7128	33.7516
0.7776	34.4956
0.8424	34.9225
0.9072	36.4556
0.972	36.8854
1.0368	35.3735
1.1016	38.8125
1.1664	41.7203
1.2312	43.906
1.296	46.0051
1.3608	47.6791
1.4256	50.9854
1.4904	53.9586
1.5552	55.4501
1.62	49.4653
1.6848	46.1291
1.7496	43.8008
1.8144	44.6914
1.8792	42.8193
1.944	44.7205
2.0088	40.4727
2.0736	46.9829
2.1384	51.5643
2.2032	56.0243
2.268	60.3882
2.3328	60.9537
2.3976	69.032
2.4624	73.989
2.5272	76.8366
2.592	75.2416
2.6568	73.2554
2.7216	71.762
2.7864	73.0114
2.8512	79.3763
2.916	91.5793
2.9808	95.0247
3.0456	96.9622
3.1104	96.32
3.1752	88.7167
3.24	80.0453
3.3048	69.7013
3.3696	61.4064
3.4344	52.8121
3.4992	49.1361
3.564	49.3135
3.6288	53.1644
3.6936	59.0648
3.7584	71.6196
3.8232	85.764
3.888	91.5547
3.9528	93.409
4.0176	83.9811
4.0824	70.0712
4.1472	64.0508
4.212	55.0825
4.2768	48.9767
4.3416	46.9514
4.4064	46.3271
4.4712	42.3011
4.536	39.5739
4.6008	36.9214
4.6656	38.2824
4.7304	36.6001
4.7952	38.7692
4.86	39.152
4.9248	37.3259
4.9896	38.8339
0	23.8288
0.0648	25.568
0.1296	26.6648
0.1944	32.8481
0.2592	35.1285
0.324	37.3455
0.3888	35.775
0.4536	38.9041
0.5184	40.9425
0.5832	39.653
0.648	36.85
0.7128	38.9116
0.7776	40.6792
0.8424	41.5868
0.9072	42.5945
0.972	44.6424
1.0368	45.6409
1.1016	49.5097
1.1664	51.3729
1.2312	55.7519
1.296	57.6992
1.3608	61.652
1.4256	66.1008
1.4904	68.6525
1.5552	68.9345
1.62	73.3639
1.6848	79.5411
1.7496	74.6803
1.8144	70.8551
1.8792	60.1877
1.944	54.3293
2.0088	51.6667
2.0736	47.0211
2.1384	43.5597
2.2032	39.3522
2.268	38.976
2.3328	38.4337
2.3976	37.5327
2.4624	37.6666
2.5272	37.9365
2.592	38.2706
2.6568	42.1016
2.7216	45.3435
2.7864	51.4887
2.8512	54.8462
2.916	57.7881
2.9808	67.5249
3.0456	80.4049
3.1104	89.0553
3.1752	101.9484
3.24	110.3711
3.3048	108.2972
3.3696	106.4525
3.4344	103.7789
3.4992	103.3056
3.564	97.6118
3.6288	86.3935
3.6936	74.8569
3.7584	62.1618
3.8232	55.5031
3.888	52.1993
3.9528	46.8579
4.0176	44.4373
4.0824	46.3164
4.1472	43.3765
4.212	46.1264
4.2768	44.4489
4.3416	45.7229
4.4064	45.5823
4.4712	43.2138
4.536	41.8668
4.6008	37.1213
4.6656	37.4581
4.7304	37.1916
4.7952	37.038
4.86	39.671
0	16.8345
0.0648	20.4056
0.1296	23.3589
0.1944	26.9627
0.2592	32.1024
0.324	35.5287
0.3888	37.9619
0.4536	38.8479
0.5184	38.1467
0.5832	38.6867
0.648	38.2822
0.7128	36.4478
0.7776	32.1923
0.8424	32.2778
0.9072	35.226
0.972	33.2858
1.0368	28.9838
1.1016	33.9246
1.1664	34.4543
1.2312	37.798
1.296	36.6874
1.3608	38.587
1.4256	38.8613
1.4904	41.7726
1.5552	42.9635
1.62	44.8661
1.6848	45.366
1.7496	43.5736
1.8144	42.5918
1.8792	45.0603
1.944	48.9201
2.0088	49.7122
2.0736	52.2587
2.1384	54.8323
2.2032	61.1573
2.268	65.0201
2.3328	70.7851
2.3976	67.769
2.4624	58.94
2.5272	55.7949
2.592	55.462
2.6568	56.4595
2.7216	60.5804
2.7864	63.5172
2.8512	71.8197
2.916	76.8301
2.9808	88.3505
3.0456	99.624
3.1104	110.9675
3.1752	118.5677
3.24	112.2382
3.3048	103.994
3.3696	94.0106
3.4344	82.6324
3.4992	73.909
3.564	66.8492
3.6288	59.5536
3.6936	53.1505
3.7584	51.5121
3.8232	48.367
3.888	44.0863
3.9528	45.6746
4.0176	42.1019
4.0824	39.7547
4.1472	41.8935
4.212	45.9633
4.2768	46.1204
4.3416	47.5957
4.4064	45.9844
4.4712	46.4835
4.536	47.2913
4.6008	49.9507
4.6656	47.523
4.7304	43.9947
4.7952	45.0347
4.86	43.9282
4.9248	42.0983
4.9896	44.805
5.0544	47.7077
5.1192	44.8798
